$ANSIBLE_VAULT;1.1;AES256
62353930366130633839623835653334636139653835613532333430323036616138323530396237
6530626634636431623962366239343339323834343763610a336164626161666136356465383066
36363330623338633738653762623534653262626636633866393030633634366230633931303863
3734373561386338310a383937383235336438643437666231323466363636336339326163663133
62396365303139363131323161643932623737623261306333303062623737326238366665663066
31616264613364303565383635336561313366386433326334623233366639653832336266666434
31353465306466393133326537616465366165353732313738306132663063653531386339653632
36633465353032313733316533373064333134663763326265303335373434333636353331326136
65333863616633353731336133656362386638333930633332323363396266643331313635363736
64643263656531376339626466366662616637303265356664646162326364316532353738363937
62386666643236653936363233306361383263643266663665383230666535353730653135623331
37353562656133306465393862313937373732376637396362623734613664633432393066643964
34336134323965653537613137383634653762323631623837613239393466613437663131386561
66613065356261613262393935653138346332653663373033336361376666333531303963643434
353839633365643264386539303337363563
